[STATE]
ORIENT=3 50.000000 76.678508 112.166963 0.000000
ZOOMPAN=272 427 945 918
ZOOMWINDOW=25.407918 -1.567410 8.126993 -12.692203
LABELS=010000010001000000011111000000000000
SCALES1=0.100000
SCALES2=0.368152
SCALES3=0.100000
SCALES4=5.000000
SCALES5=8.283422
SCALES6=100.000000
SCALES7=100.000000
SCALES8=100.000000
SCALES9=100.000000
SCALES10=50.000000
SCALES11=10.000000
SCALES12=1.000000
SCALES13=50000.000000
SCALES14=0.100000
SCALES15=7.000000
SCALES16=3.000000
SCALES17=3.000000
